# Shape: (64,)
-1.359585
-0.770872
-1.403009
0.643627
-0.293517
0.930169
0.377720
0.282906
-1.218291
-0.860101
-0.922091
-1.921023
-1.185499
1.608639
-0.609138
0.671872
-0.857695
-1.538672
-0.292544
-0.541562
-3.409500
-0.751223
0.129426
-0.509086
-0.001128
-1.325195
1.147187
-1.239982
-0.249638
-1.390473
-0.655803
-1.278121
-0.851498
0.322539
-1.642347
-1.476725
-1.462746
-1.678301
-0.363256
-0.756492
-0.142397
-1.006625
-1.486012
-1.013443
-0.799047
0.690647
-0.947784
-0.400720
0.169167
-0.302330
0.596419
-1.496685
-1.828996
-1.058835
-0.611924
-0.660102
-0.594452
-2.504708
-1.465059
-2.079018
-1.071352
-2.882097
-1.782601
0.059884
