# Shape: (64,)
1.033451
1.036029
1.013832
1.005266
0.904207
0.986615
1.056948
0.943549
0.995994
1.004764
1.049289
1.003891
0.982393
0.989305
0.949442
0.979122
0.975978
0.961057
1.087895
0.946766
1.026920
1.009732
0.957572
1.014238
0.921458
1.003966
0.978625
0.964114
0.896411
1.015765
0.873256
1.065643
0.998136
0.968921
0.995861
1.002255
0.988009
0.970885
0.994197
1.058923
0.957607
0.980464
0.970296
0.970097
1.047687
1.056238
0.977755
1.035864
0.998168
1.094650
0.943270
0.982073
1.093057
1.037586
0.994689
1.073647
0.918876
0.945969
1.118031
1.013115
0.977510
0.980047
1.049172
0.995087
