# Shape: (64,)
-0.050783
-0.096730
-0.052435
-0.091475
-0.103986
-0.083998
0.026997
-0.098277
-0.127826
-0.058433
-0.137836
-0.043806
-0.037860
-0.116564
-0.031850
-0.075651
-0.090063
-0.027015
-0.055179
-0.077613
-0.037136
-0.073404
-0.149474
-0.092526
-0.100860
-0.059608
-0.007686
-0.095875
-0.103049
-0.033575
-0.208346
-0.053609
-0.130530
-0.027315
-0.063957
0.017959
-0.129681
-0.074651
-0.012318
-0.068336
-0.060270
-0.056958
-0.068453
-0.025804
-0.060158
-0.068471
-0.143871
-0.101857
-0.056127
-0.135010
-0.192550
-0.065267
-0.089956
-0.077917
-0.099994
-0.158399
-0.125063
-0.103239
-0.001463
0.016690
-0.118049
-0.029057
-0.080484
-0.072813
