# Shape: (64,)
1.707741
1.335039
1.136843
1.862773
0.891460
1.366055
1.244959
1.521946
1.395115
1.529272
1.496052
1.937145
1.831049
1.402058
1.112189
2.207371
1.834034
1.986707
1.226617
1.108502
3.028469
1.722787
1.491489
1.310029
1.564220
1.555011
1.482887
1.251595
0.851052
1.793884
1.340644
1.690634
1.673079
1.271537
1.965222
1.950520
1.919371
2.424975
1.183516
1.299209
1.206902
1.249867
1.781099
1.316999
1.552408
1.543654
1.707031
1.283597
1.178201
1.971504
1.294717
1.704740
2.123142
1.379923
1.756099
1.733246
1.540788
2.575322
1.518189
1.669447
1.580058
3.065964
1.804187
1.578761
