# Shape: (128,)
-0.159490
-0.233054
-0.279919
-0.296133
-0.287969
-0.169466
-0.159286
-0.341010
-0.211896
-0.201929
-0.186221
-0.207859
-0.227290
-0.363497
-0.058602
-0.091629
-0.078163
-0.327989
-0.103083
-0.246919
-0.267911
-0.242489
-0.153533
-0.216371
-0.266379
-0.174971
-0.129386
-0.250057
-0.217853
-0.386259
-0.230926
-0.290645
-0.330481
-0.382168
-0.289607
-0.273144
-0.167970
-0.333746
-0.330240
-0.218914
-0.381518
-0.228756
-0.315242
-0.217131
-0.266556
-0.062245
-0.154570
-0.259078
-0.252134
-0.308091
-0.089462
-0.270437
-0.169199
-0.224064
-0.297543
-0.191014
-0.080020
-0.232281
-0.232249
-0.302955
-0.181925
-0.138648
-0.178953
-0.292472
-0.210778
-0.353568
-0.243698
-0.322565
-0.299194
-0.231765
-0.201289
-0.105848
-0.117161
-0.225940
-0.441438
-0.287807
-0.307118
-0.243988
-0.218559
-0.173343
-0.147584
-0.141540
-0.283802
-0.248821
-0.245936
-0.240717
-0.340614
-0.322147
-0.221561
-0.167866
-0.376904
-0.368155
-0.318899
-0.304276
-0.251437
-0.220143
-0.282834
-0.159736
-0.296326
-0.332449
-0.440144
-0.330171
-0.118867
-0.312523
-0.236606
-0.290297
-0.364917
-0.192447
-0.365992
0.042055
-0.281293
-0.230245
-0.135016
-0.271333
-0.165765
-0.237447
-0.272358
-0.252151
-0.302676
-0.167639
-0.201611
-0.272712
-0.207171
-0.275755
-0.218655
-0.154510
-0.301925
-0.179437
