# Shape: (128,)
1.269537
-2.561786
-0.937990
-1.430423
-3.476639
-1.121829
-4.124796
-1.306575
-0.486134
-3.350988
-2.161596
0.724225
1.208015
0.242961
-5.238842
1.952752
-3.562142
1.847736
-3.774239
-0.777539
-2.094174
-3.089696
-3.410305
0.015630
-0.273865
-0.180977
-0.519602
1.524395
-0.871274
1.160401
-3.367586
-2.164764
-1.485517
3.294845
-3.012831
-2.995883
-5.330596
-1.003668
-1.886595
-2.342335
1.456696
-6.323612
-0.996821
-3.478109
1.793754
-5.662904
-2.244040
-0.867791
-3.285236
-4.975568
-3.956687
-3.256773
1.591566
-2.180737
0.830483
-2.880530
1.917262
-5.459843
0.117769
0.209065
-0.904536
-6.229040
-2.946599
-4.712428
2.055154
-1.703422
0.000171
-1.094930
-3.015178
0.683590
-2.857416
-5.520851
-3.750562
-1.738168
-0.846932
-0.340428
0.732562
0.533889
-2.878416
-2.704498
-4.040338
-1.690139
0.178698
-1.064787
0.364435
3.929338
4.732203
-1.247473
1.845336
-0.846384
-3.452143
-2.122095
-0.095551
-1.108032
-2.826840
-0.290631
1.162621
-2.438198
-1.972654
0.352462
2.957938
-2.693750
-3.541839
-1.671398
0.400920
-3.419940
0.623348
-0.265329
1.359782
-1.462811
-0.513667
-3.040860
-0.859951
-2.817951
-2.014828
-2.585392
-0.479603
0.878835
-3.103694
1.650538
2.438189
-3.821776
-2.797880
0.460746
-0.639441
-2.034441
1.773324
-1.426454
