# Shape: (128,)
1.082851
0.969660
0.938198
0.945826
0.966699
0.959101
1.002042
0.968181
1.108009
0.977402
0.849361
0.902095
1.206703
1.042703
0.952363
0.850925
1.120133
0.988340
0.923177
1.022139
1.099379
1.069814
1.059222
0.968167
1.136730
0.897794
1.150642
0.920841
0.918501
0.772687
0.996840
1.022637
1.051936
1.007707
0.924383
1.028667
0.995261
1.035092
1.026398
0.904461
0.942618
0.960316
0.829508
0.950165
0.872760
1.017668
1.093631
0.926505
0.945223
0.912148
0.954330
1.144893
1.088676
1.027338
0.902681
0.996775
0.917332
1.085799
0.988177
0.902976
0.972124
1.169956
1.025651
1.002629
0.836371
1.031702
0.941778
0.855370
1.012913
0.988807
1.058414
1.012053
1.032113
0.990897
1.019352
1.010686
0.914741
0.942895
1.005487
0.973207
0.910084
1.163166
0.945929
0.955004
1.047430
0.963168
0.864573
1.205074
1.126215
0.928420
1.216544
1.118789
0.853967
1.102706
1.072306
1.077582
0.840302
1.183485
1.107953
0.797984
0.889532
1.018934
0.870432
1.164643
0.856811
1.002141
0.840030
0.830003
0.997348
0.988434
0.986751
0.974440
1.065501
0.859113
0.944457
1.032479
1.032888
0.991148
1.204943
1.120619
0.954634
1.078357
0.805425
1.147187
0.971868
1.064055
0.978475
0.898739
