# Shape: (128,)
8.442208
9.132708
8.956279
7.334259
9.573259
7.741930
7.754808
6.285732
8.660048
10.666273
10.079853
8.070714
8.416818
5.910612
10.329232
8.681252
13.981438
9.506966
9.614793
8.901753
8.803905
6.591896
13.138618
6.705296
7.569668
7.451031
7.517511
7.199215
8.033034
8.411283
8.971442
10.351618
10.710224
6.354656
7.654656
9.707143
10.012865
7.710240
6.836093
6.708549
6.096347
9.425987
8.028393
10.699422
7.474646
12.186372
9.820343
6.707191
10.075024
10.523317
10.271303
9.141523
7.931632
8.908962
7.055175
10.973906
10.832057
11.078192
9.050316
8.923521
9.996484
11.005768
8.181626
8.703964
7.842614
9.853102
8.576122
7.510159
7.700793
9.813885
9.646064
8.643750
12.467969
7.734478
5.847791
8.480562
9.494526
8.655593
9.501524
8.478190
9.871386
11.233246
8.079039
8.537668
9.012725
6.786564
11.401929
6.929144
6.361505
7.582759
11.330240
6.596093
9.714176
7.398182
10.033690
8.778671
7.628901
10.973890
6.764803
10.790939
7.709469
11.472275
11.547857
7.499088
7.792161
9.497950
8.243862
9.477958
10.588737
10.996165
6.719409
9.889200
6.947825
10.132937
8.732829
9.476960
8.082838
7.555418
10.930037
8.203732
8.603628
7.737461
8.360163
7.737031
8.736970
6.924750
6.875900
9.993391
