# Shape: (64,)
0.011972
0.002711
-0.002581
-0.004954
-0.000125
-0.003191
-0.005665
-0.003703
-0.004244
0.007111
0.001014
-0.000642
-0.001147
-0.002125
-0.001295
0.002868
0.001824
0.008773
0.003157
-0.000461
-0.000166
0.005705
0.002102
0.009132
-0.001801
0.003879
-0.007593
-0.004028
0.003346
-0.007428
-0.005035
0.001177
0.003976
0.004171
-0.007263
-0.003815
-0.002669
0.004905
-0.002929
0.002438
0.003921
-0.006766
-0.005515
0.001913
0.002252
0.004287
-0.007828
-0.003094
-0.002196
0.004006
-0.006062
0.006257
-0.001287
-0.001250
-0.001783
-0.002321
-0.002190
0.017955
-0.006870
-0.011231
0.000947
0.002484
-0.002824
0.004540
