# Shape: (128,)
0.000003
-0.000334
0.000124
0.000034
0.000025
-0.000322
0.000473
0.001556
0.000177
-0.000383
0.000104
-0.000058
0.000729
-0.000196
-0.000076
0.000041
0.000276
0.000888
-0.001278
-0.000054
-0.000194
-0.000304
-0.000478
0.000051
0.000284
-0.000275
0.001086
-0.000075
0.000105
0.000307
-0.000584
-0.000624
0.000542
-0.000805
-0.000251
0.000718
-0.000507
0.000553
-0.000020
-0.000393
-0.000297
-0.000536
-0.000448
-0.000288
-0.000292
0.000197
-0.000421
0.001281
0.000315
0.000523
0.000064
0.000316
-0.000789
-0.001060
0.000374
0.000674
0.001284
-0.000901
-0.000000
-0.000871
-0.000390
0.000542
0.000512
-0.000185
0.000161
-0.000321
0.001184
-0.000510
0.000128
0.000789
0.000213
0.000085
0.000053
0.000145
0.000158
-0.000162
0.000615
0.000112
0.000913
-0.000272
-0.000152
0.000428
-0.000061
-0.001561
-0.000215
0.000592
0.000550
0.000206
0.000268
-0.000131
-0.000040
0.000061
-0.000965
0.000336
0.000365
0.000056
0.000681
-0.000192
0.000073
0.000104
0.000304
-0.000638
-0.000307
0.000231
0.000889
-0.001659
-0.000277
0.000079
0.000430
-0.000779
-0.000081
-0.000283
-0.000565
0.000284
0.000093
0.000400
-0.000241
-0.000195
-0.001108
-0.000234
-0.000022
0.000457
0.000468
-0.000171
0.000273
-0.000687
0.000585
-0.000624
