# Shape: (64,)
-0.001705
0.002027
0.000073
-0.001053
-0.003828
-0.001668
-0.001801
0.000157
0.001150
-0.002202
-0.003106
-0.000546
-0.002715
0.000722
-0.002486
0.002467
-0.001694
-0.000363
0.003652
-0.006281
-0.000185
-0.002886
-0.002388
-0.000069
0.001746
-0.000231
0.001716
0.001427
0.002512
-0.008476
0.000434
0.002273
0.000853
0.004224
0.001492
-0.002596
-0.000352
0.003049
0.002370
-0.002227
0.001347
-0.010082
-0.006127
0.002154
-0.005941
-0.001872
0.005163
-0.001839
0.000208
-0.001198
0.002054
-0.002208
0.001605
-0.000875
-0.000591
-0.003576
0.006340
0.001626
-0.000460
0.004232
-0.001730
-0.000946
-0.001546
0.004967
