# Shape: (64,)
-0.032258
-0.155285
-0.041168
-0.283036
-0.053715
-0.058615
-0.130400
-0.072532
-0.243232
-0.049234
0.008671
-0.025461
-0.160046
-0.267693
0.025347
-0.124029
-0.212025
-0.105664
-0.087186
-0.120147
-0.131135
-0.195956
-0.209491
-0.311617
-0.089966
-0.128769
-0.182298
-0.126509
-0.113608
-0.229745
-0.062389
-0.192598
-0.187778
-0.136850
-0.029599
-0.143599
-0.091696
-0.116680
-0.244837
-0.199488
-0.092359
-0.105552
-0.224112
-0.169320
-0.070972
0.047651
-0.111153
-0.173209
-0.120934
-0.122296
-0.070093
-0.096852
-0.102237
-0.252503
-0.135012
-0.169659
-0.105930
-0.079505
-0.128544
0.012324
-0.276195
-0.124251
0.026766
-0.111658
