# Shape: (64,)
1.102590
0.883051
1.108735
0.908151
0.818419
0.909946
1.134903
0.954490
1.070467
1.016034
1.164309
1.130066
0.958973
0.972508
0.923233
0.975099
1.014805
0.930082
1.024943
1.104660
0.926154
1.013049
1.084789
0.975738
1.119269
0.852993
0.950862
1.027860
0.942622
0.983670
1.178227
0.981980
1.009911
0.957144
1.145453
1.062645
0.989135
1.142713
1.159015
0.950063
1.149609
0.975278
1.008884
0.875634
1.121160
0.998080
0.963967
0.945406
0.894061
0.918344
0.941661
0.926150
0.896993
1.070488
0.943780
0.985723
1.013326
1.081715
0.860715
0.777696
0.893308
1.028697
1.053322
1.056795
