# Shape: (64,)
-1.528371
-0.375814
-0.949530
-1.787732
-1.210907
-0.468404
-1.813461
-0.618386
-2.342134
-1.949903
-2.882261
-1.905142
-0.156818
-0.996143
0.158012
0.125542
-1.934072
-0.848920
-1.704752
-1.782341
-0.215453
-0.916250
-2.560921
-1.144787
-1.025335
-0.955086
-1.483884
-0.258248
-0.894295
-1.332963
-3.203162
0.246650
-1.651195
-1.207733
-1.308109
-2.245183
-3.362886
-2.456348
-1.030492
-1.197786
-2.848484
-0.741211
-0.315678
-0.378578
-2.729630
-1.552208
-0.376693
-0.904630
-1.408120
-0.309804
-0.566379
0.193056
-0.287913
-1.615838
-1.420784
0.088273
-2.428102
-0.177482
1.790374
0.790163
0.445859
-1.945028
-2.351729
-1.479413
