# Shape: (64,)
4.010578
3.734483
2.570314
3.843977
2.252047
2.749462
3.807991
2.327463
5.019009
4.512967
5.786564
4.232402
2.302287
2.979982
2.566805
3.508233
3.824001
3.474954
5.023631
3.672301
3.235888
3.487931
4.301351
3.895812
3.285546
2.988565
3.048439
3.657706
2.677091
2.751240
6.032907
3.266260
4.237522
4.123360
3.273871
6.133254
4.793459
5.186674
4.577852
2.493015
5.393156
3.743015
3.403355
2.317855
4.844263
3.164565
3.074798
3.977153
3.307587
3.982422
2.768359
2.893552
3.584646
4.268887
3.880994
4.058199
4.552124
2.669994
4.578642
2.165757
2.932950
3.639880
2.988869
2.806354
