# Shape: (128,)
-0.089841
-0.082791
-0.054802
0.005318
-0.100320
-0.072417
-0.099896
-0.062200
-0.108774
-0.141152
-0.053949
-0.069998
-0.100839
0.000051
0.012364
-0.106506
0.062314
-0.021625
-0.189100
-0.050976
-0.039121
-0.118463
-0.073789
-0.070267
-0.128302
-0.112957
-0.092355
-0.052500
-0.054745
0.038731
-0.016247
-0.090234
-0.077759
-0.067887
-0.058024
-0.062389
-0.009829
-0.204183
-0.045091
-0.048038
-0.148282
-0.125083
-0.023890
-0.053355
-0.134912
-0.062717
-0.067399
0.008916
0.037868
0.134879
-0.148839
-0.024886
-0.133925
0.066332
-0.061078
-0.071500
-0.122719
-0.033247
-0.027894
-0.109222
-0.135117
0.092840
-0.040990
-0.077737
-0.067856
-0.106654
0.000866
-0.084337
0.015049
-0.097435
0.041642
0.021642
-0.102468
-0.160458
-0.031049
0.039954
-0.064595
-0.024959
-0.124842
-0.064247
-0.031859
-0.027464
-0.064701
-0.074480
-0.038326
-0.044623
-0.116698
-0.001544
-0.054266
-0.023147
-0.068535
-0.077901
-0.050959
-0.074502
-0.117259
-0.044536
-0.121875
-0.011618
-0.036391
-0.010518
-0.089589
0.024538
-0.131169
-0.060149
-0.145338
-0.028678
-0.094768
0.010740
0.229054
-0.071050
-0.023222
0.032882
-0.064913
-0.037691
-0.068002
0.005340
-0.027959
0.032343
-0.079715
-0.050192
0.072391
-0.178961
-0.127562
-0.117663
-0.085539
-0.059914
-0.052267
-0.022873
