# Shape: (128,)
1.100725
1.070983
1.084074
1.141710
1.003461
1.045750
1.019509
1.042257
1.001502
0.989591
1.057836
1.104211
0.967943
1.065619
1.231583
1.127351
1.263639
1.281533
1.110237
1.134255
1.100833
1.092885
1.000414
1.061209
1.116846
0.944078
1.117728
0.997766
1.184021
1.437460
1.145781
1.062454
1.128241
1.100373
1.074938
1.099301
1.125417
1.208925
1.106930
1.047853
1.040642
1.138574
1.116731
0.999339
0.998024
1.131871
1.093311
1.010726
1.095818
1.140802
1.034891
1.069220
0.996606
1.230135
1.037691
1.007835
1.099766
1.121527
1.041994
1.156965
1.028064
1.153499
1.057621
1.047390
1.002702
0.952153
1.146169
1.009352
1.072484
1.020898
1.091885
1.199845
0.951213
1.139954
1.125226
1.193760
1.103955
1.057158
1.106318
1.112433
1.117733
1.135773
1.030821
1.025819
1.084102
1.068545
0.984711
1.071744
1.019291
1.025820
1.088761
1.073911
1.008018
1.073534
1.093721
1.100013
0.998120
1.073813
1.128238
0.999841
1.129081
1.101735
1.085749
0.985282
1.044481
1.084445
0.999420
1.060785
1.688920
1.081791
1.074956
1.240814
1.026925
1.053955
1.106834
1.101769
1.151928
1.157296
1.143623
1.049992
1.250123
1.056067
0.964312
1.040139
0.961810
0.951618
1.068447
1.160860
