# Shape: (128,)
5.039218
6.543582
3.775970
5.989758
5.561594
3.840781
3.626832
4.458497
3.554791
4.635789
4.593020
5.058590
4.784679
5.211239
6.844979
4.655976
6.131375
8.505253
3.952231
4.313284
4.026019
4.057487
3.532718
4.682958
4.317316
4.476407
3.874787
5.212765
3.756382
11.134548
5.464716
4.439811
4.229586
4.506599
4.157418
6.604497
4.911512
4.435281
4.607809
6.798170
3.614633
4.111827
6.680442
3.436474
4.994658
4.393775
5.849826
4.668278
4.887182
12.049814
4.357347
5.546230
4.198267
8.891591
3.752055
3.896579
3.863197
3.713721
3.462806
3.444789
4.044073
6.524592
4.203334
4.885418
4.687834
5.708266
8.253542
4.386135
6.841204
3.937105
6.209957
6.238879
4.253509
4.044759
6.449146
5.953156
3.535285
4.591046
4.653130
4.870554
4.168116
6.536673
4.068004
3.728525
4.507171
5.501407
3.782606
3.167296
4.876933
5.232161
5.623852
5.230299
4.603625
4.048033
3.797471
3.774696
4.551846
6.205161
4.234515
5.906758
5.833893
5.021802
4.130567
4.554831
4.288911
9.125617
4.334920
6.198502
15.704348
4.714609
6.084878
7.368588
5.463964
4.599384
5.308992
6.116145
6.651953
8.140934
4.558957
4.316819
7.321783
4.271037
5.908299
4.072881
6.653884
5.108643
6.885084
5.462373
