# Shape: (128,)
-2.383586
-0.596570
-2.146936
0.890848
-1.015545
-1.341288
-0.248973
-2.380632
0.858373
-1.220457
0.400002
-1.009634
-1.993020
1.050313
-0.414422
0.505672
-2.296300
-5.276700
-1.639089
-0.589345
-0.545517
-0.324743
-2.408691
-4.070822
-0.715521
-0.961839
2.091675
-0.130076
-0.896046
-2.268178
0.591004
-1.351298
-0.895387
-2.345296
-1.987908
-2.909684
-0.045708
-0.949858
-2.923803
-2.096021
0.693652
-0.071504
-3.386958
-1.713740
-0.944979
-1.333966
-0.700657
0.727142
-1.427767
-3.749841
-1.331493
-0.974947
-1.126077
-0.595191
-2.108984
-1.154024
-1.628064
-2.794352
-0.456978
1.433235
3.295387
1.378437
-1.390256
-2.330192
-2.173059
-0.610245
2.490825
-2.301361
0.310748
-1.043635
-3.037909
2.205656
-1.413599
0.147774
0.999002
-1.567906
-1.539571
-2.435850
-3.384449
-2.014838
-1.917532
-1.658818
-1.191756
-0.868653
1.674435
-2.975653
-0.586011
0.183842
-0.524354
-3.342123
-2.133602
0.985689
-2.160009
-2.534576
0.183072
-0.477499
-2.755684
-1.198627
-0.898184
-2.269028
-1.006048
-1.761467
1.047039
-2.072040
-1.574008
-1.815703
-0.502446
-2.291041
-7.128787
-2.452158
-0.872082
-1.430394
-0.219318
-2.214250
-2.527716
-4.882033
1.071793
-0.819669
1.706047
-0.722262
1.540469
-0.762732
-2.050882
-3.349185
-1.398442
0.133459
-1.153846
-0.571383
