# Shape: (128,)
8.843650
4.685400
5.895236
8.670435
10.365818
2.843508
5.648805
8.994044
7.620130
13.700510
4.939325
9.546505
9.875927
5.595659
4.822694
9.217359
9.181497
4.261363
6.328442
4.499463
7.654343
3.935518
15.638121
11.080397
6.101377
5.786591
9.065014
4.669164
11.700867
6.809678
2.847119
7.691951
7.783639
4.697412
6.693569
5.462166
7.191534
6.951533
4.987981
3.251074
3.259462
4.791574
10.297440
5.778293
5.686750
15.343571
8.556695
4.162085
4.941786
6.798110
6.581741
9.233529
4.802261
5.988823
10.735229
8.013583
10.086024
5.522159
6.515563
3.058691
5.372002
11.343058
4.238821
7.697109
5.599506
7.805357
6.404428
2.222292
12.198500
8.037705
4.623467
6.422711
6.302604
6.284421
5.647204
4.854549
7.298900
7.491148
9.030302
5.489024
4.741078
6.152207
7.136482
7.046849
8.933617
7.476839
6.185594
5.943313
7.595349
5.267109
5.800672
4.319748
4.929448
4.211550
3.767851
3.544086
5.937121
4.480148
3.670371
3.181594
4.967705
1.946485
4.203606
7.677241
2.533547
6.465740
3.153703
3.960242
8.070245
8.554611
7.765915
3.646481
16.101730
7.637166
3.930826
6.100947
11.587405
6.211063
5.716226
8.085320
6.827228
8.380618
7.334986
5.264547
4.760114
4.184141
7.763074
3.555001
