# Shape: (128,)
-4.621881
0.945435
2.018463
-1.672247
-2.979229
1.047719
-1.788542
-4.445668
-2.934650
-5.716429
0.178898
-1.748840
-4.336945
-3.825441
-1.481512
-1.903467
-3.158770
-2.839100
1.475572
1.616376
-3.461884
1.762503
-5.621218
4.300996
1.371225
2.266521
3.122984
1.590547
-1.968016
-2.000481
-0.213904
1.510389
2.245615
0.778234
2.846417
2.004476
4.188346
-0.612776
0.707807
0.004662
1.102752
-0.962819
4.110604
2.028195
-2.106036
-4.793782
-2.178150
-1.786214
2.263732
-2.638358
2.428056
0.310696
-0.834293
-0.462778
-4.684736
-2.061038
-3.360058
-1.387647
-2.445969
-1.036131
2.935010
-4.707717
-0.902770
-1.519876
-1.336486
2.812330
-2.847526
-1.186911
-4.996982
-4.712321
1.665378
2.376126
-4.304237
1.523766
2.031758
0.964976
-1.233259
-2.493986
-2.076371
2.111047
2.389637
-2.480114
1.954121
2.811247
3.032106
-3.358123
-3.022567
-2.399777
1.242135
1.869983
2.440587
-2.907303
1.221989
1.524726
0.512190
-1.164260
2.576741
0.463134
-0.880117
1.597165
-1.596015
0.569042
2.376681
1.049351
0.473471
1.539043
0.572743
1.383463
2.599683
-3.104292
-2.378062
0.403577
-5.416821
1.171835
2.184136
2.516339
3.401256
2.041791
2.262001
-3.533986
2.458931
-2.419916
3.356498
2.203327
-1.401880
0.781794
3.632711
1.422304
