# Shape: (128,)
0.946821
0.965836
0.982068
0.938747
0.967355
1.000840
0.971337
0.980636
0.969837
0.976477
0.974133
0.901871
0.942149
0.993936
0.994796
0.965068
0.884053
0.989796
1.010414
1.021078
0.987717
1.005679
0.969392
0.991522
0.975645
0.945534
0.955073
0.952220
0.961045
0.947302
0.972201
0.943698
0.940178
0.957788
0.998586
1.016289
1.012466
0.950594
0.962978
1.012835
0.951925
0.991874
0.989163
0.938317
0.927651
0.979259
0.940501
0.975754
0.947881
1.001214
0.963879
0.956882
0.939922
0.958447
0.979089
0.968733
0.961193
0.952459
0.961826
0.983495
0.975281
0.984353
0.957848
0.977937
0.970231
0.949196
0.954995
1.005000
0.977893
0.995754
0.987812
0.966453
0.987738
0.980473
0.985801
0.970907
0.940921
1.032667
0.959507
0.928821
0.966366
0.989006
0.927321
0.982288
0.977978
0.998713
0.961331
0.965476
0.946288
0.955978
0.963695
0.967077
0.961972
0.981004
0.988428
0.973535
0.993369
0.972260
1.008787
0.985807
0.978794
0.988490
0.977441
0.951417
1.001263
0.987055
0.961927
0.939999
0.970072
0.968436
0.998626
0.970560
0.954952
0.949185
0.951581
0.948508
0.938024
0.961294
0.977825
0.986983
0.969621
0.863808
0.948314
0.929410
0.976288
1.013064
0.937988
0.992002
