# Shape: (128,)
-0.033151
-0.051097
-0.035696
-0.061094
-0.003368
0.001622
-0.047244
0.010184
-0.040089
0.009330
-0.057273
-0.095841
-0.000149
0.013290
0.011898
-0.048931
-0.056075
0.015623
-0.048041
0.000128
0.016238
-0.034124
0.009779
-0.011141
-0.024045
-0.059643
-0.069792
-0.011054
-0.060165
0.000418
-0.041916
-0.031760
-0.058475
-0.038805
-0.027107
-0.013622
-0.035256
-0.045700
-0.010581
0.010778
-0.051595
-0.035546
-0.018340
-0.096820
-0.080934
0.014219
-0.067159
-0.008477
-0.089318
0.019723
0.015865
-0.011544
-0.068440
-0.035302
0.013279
-0.031158
-0.035071
-0.050192
-0.038372
-0.031324
-0.040472
0.019033
-0.036312
-0.031730
-0.056404
-0.036211
-0.054080
0.017757
0.016003
0.023331
-0.034178
-0.033905
0.018482
-0.008109
-0.006555
-0.078160
-0.086005
-0.052066
-0.047237
-0.048999
0.034136
0.015068
-0.034271
-0.007082
-0.039878
0.019666
0.002636
-0.036808
-0.078268
-0.020738
-0.035417
-0.014354
-0.057772
-0.036795
-0.016750
-0.034690
0.005535
-0.036006
0.018281
-0.061503
-0.043291
-0.031962
-0.056054
-0.055008
-0.031553
-0.042707
-0.038371
-0.042607
-0.038860
-0.049256
0.018073
-0.044007
0.002073
-0.026205
-0.066678
-0.067225
-0.045042
-0.052612
-0.061620
0.015530
0.002261
-0.288563
-0.068781
-0.065927
-0.034516
-0.026386
-0.086159
-0.034497
