# Shape: (64,)
-0.000978
-0.000492
-0.001808
0.002302
0.003821
-0.000799
-0.000587
-0.000198
-0.003515
0.001615
0.001098
-0.001658
-0.004962
0.002275
-0.003969
-0.000712
-0.001246
0.001613
-0.002155
-0.012482
-0.004899
0.004400
0.001541
0.001874
0.002589
-0.003666
0.002349
-0.000824
-0.002405
-0.004872
0.005818
0.006433
0.001457
0.000705
-0.002019
-0.003433
-0.000817
0.000275
-0.002933
0.003368
0.001502
-0.001088
-0.004560
0.000633
0.002909
0.002538
0.001459
0.004348
-0.000633
0.001320
-0.001668
-0.003555
0.001813
-0.001535
-0.000677
-0.003504
0.001219
-0.000617
0.001135
-0.003566
-0.001547
0.003134
0.000983
0.000087
