# Shape: (128,)
-0.000329
0.000363
0.000067
0.000495
-0.000533
-0.000337
-0.000105
0.000261
-0.000174
-0.000802
-0.000593
0.000299
-0.000635
0.000596
0.000433
-0.000732
0.000700
0.000053
-0.000122
-0.000001
-0.000010
0.000637
0.000074
-0.000583
-0.000284
0.000661
-0.002453
0.000046
-0.000350
0.000115
-0.000112
0.000243
-0.000001
0.000251
0.000044
-0.000201
-0.000046
-0.000879
0.000317
-0.000432
0.000625
-0.000537
-0.000157
0.000472
0.000109
-0.000473
0.000265
0.000233
-0.000180
0.000649
0.000349
-0.000056
0.000207
-0.000488
0.001548
0.000290
-0.000137
-0.000216
0.000062
0.000221
-0.000415
-0.000402
-0.000376
-0.000702
0.000336
0.000427
0.000446
-0.000155
0.000404
0.000793
0.000321
-0.000616
0.000348
0.000465
0.000444
0.000984
-0.000172
0.001268
0.000717
-0.000355
0.000294
-0.000362
0.000055
0.000078
-0.000413
0.001305
-0.000406
-0.000043
-0.000482
0.000233
0.001930
-0.000257
-0.000451
0.000215
-0.000259
-0.000801
-0.000504
0.000086
0.000140
-0.000143
-0.000417
-0.000372
-0.000584
-0.000016
0.000877
-0.000460
0.000316
-0.000423
-0.000346
-0.000693
-0.000823
-0.001564
-0.000385
0.000082
-0.000076
-0.001004
0.002052
0.000170
0.000511
0.000506
-0.000154
0.000271
0.000404
-0.000417
0.000077
0.000056
0.001081
0.000002
