# Shape: (128,)
1.059638
0.935904
1.023472
0.978722
1.037122
0.939606
0.991974
0.998431
1.041107
0.961560
0.937469
0.865337
1.002046
1.141962
0.890775
1.057251
0.841804
0.954145
0.956822
0.986004
0.995903
0.921112
1.082590
1.109468
1.020663
1.144490
0.918954
1.161805
0.998334
1.024319
1.033106
1.115253
1.048605
0.937741
0.957515
0.970726
1.140823
0.977373
0.941450
0.898936
1.020144
0.896308
1.056747
0.936515
0.978826
0.935350
1.015885
0.989325
1.035678
0.912727
1.071036
1.063058
0.997458
0.927550
1.023759
0.901986
0.949106
1.014485
1.014576
1.013047
0.993565
1.092505
1.002988
1.056171
0.988584
1.033668
0.996321
0.956579
1.106801
0.967332
0.979369
0.984024
0.953919
0.946688
1.010104
1.056106
1.022726
0.973089
1.026738
0.901290
0.964589
1.119710
1.023671
1.040338
0.999011
1.097534
0.970057
0.897011
0.999608
1.077412
1.070548
0.971155
0.995496
1.081029
0.981426
0.929860
0.938312
0.910570
0.986287
1.055571
0.979232
1.041205
1.008476
0.938361
0.951269
1.067738
1.012529
0.971540
0.919495
0.872002
1.106679
0.949192
1.071678
0.957880
0.970829
0.860182
0.962148
0.876951
0.940366
0.897158
0.969340
0.912345
0.976334
0.930557
1.102006
1.005490
1.099612
0.948659
