# Shape: (128,)
5.194296
2.845178
4.277028
4.174285
4.100783
3.647477
5.606433
5.908578
3.690314
3.522198
4.174953
4.819301
3.692550
3.800791
3.227242
3.882701
3.623106
5.751896
5.197636
4.604178
5.291616
3.785988
4.871891
5.510526
6.262973
4.949744
7.986960
6.066061
3.456674
4.927032
3.408616
5.007245
5.094718
4.712002
6.518133
4.319635
6.780303
3.450388
4.450381
3.507542
4.287836
4.103466
4.076104
3.784405
3.938970
3.641303
6.074629
4.638145
4.972651
4.444655
5.702674
5.524486
4.303791
4.458026
4.475744
3.467271
2.888870
3.746710
3.972761
5.012117
3.742422
3.592758
3.805572
4.229990
5.603113
4.514698
3.859484
4.014421
4.929495
3.679390
4.623867
4.263033
3.607080
4.371432
4.157800
4.934826
4.177933
4.970009
4.879692
3.338372
3.876917
5.579221
4.509519
4.520604
4.144753
4.746655
4.575270
4.424166
3.461368
4.569682
5.152175
3.781927
4.494982
4.519245
5.398564
3.375724
4.689347
4.118553
3.996683
5.628415
4.769697
6.395476
5.832320
4.317958
3.621110
5.127427
5.636860
3.459199
3.381466
3.649108
4.668165
4.817335
5.745747
5.527762
7.783421
3.937690
4.897110
3.486454
4.367159
3.684414
5.069453
4.149924
4.165896
4.270378
4.584743
4.776467
4.167519
4.859178
