# Shape: (128,)
-0.238769
-0.310765
-0.038387
-0.251990
-0.230659
-0.178085
-0.139584
-0.161715
-0.171131
-0.333600
-0.056172
-0.162634
-0.197264
-0.204837
-0.311843
-0.307646
-0.186555
-0.225024
-0.115356
-0.265252
-0.298725
-0.184182
-0.117144
-0.097266
-0.145750
-0.099307
-0.260195
-0.111072
-0.047886
-0.175719
-0.193757
-0.108792
-0.185416
-0.166670
-0.105525
-0.244749
-0.135185
-0.177710
-0.303534
-0.277631
-0.048756
-0.180236
-0.231240
-0.236849
-0.216292
-0.245561
-0.088727
-0.215442
-0.146622
-0.224924
-0.110969
-0.133786
-0.229971
-0.219494
0.009341
-0.303681
-0.226261
-0.265471
-0.223695
-0.226823
-0.238271
-0.314309
-0.341224
-0.177544
-0.152967
-0.157709
-0.245155
-0.122011
-0.123957
-0.228133
-0.252906
-0.177356
-0.277301
-0.301332
-0.174930
-0.249337
-0.149026
-0.178146
-0.207235
-0.211011
-0.193931
-0.000749
-0.121431
-0.113482
-0.254918
-0.353236
-0.246011
-0.278172
-0.272460
-0.182790
-0.276000
-0.214154
-0.225934
-0.182541
-0.105672
-0.246007
-0.228219
-0.233886
-0.138426
-0.158673
-0.281410
-0.074227
-0.245055
-0.298716
-0.233385
-0.256052
-0.152819
-0.268415
-0.212892
-0.234249
-0.111459
-0.284868
-0.146085
-0.119526
-0.109031
-0.258835
-0.187026
-0.230682
-0.181405
-0.264364
-0.152591
-0.126390
-0.354184
-0.138846
-0.113398
-0.109484
-0.215204
-0.129691
