# Shape: (128,)
-3.015020
-1.436133
-1.808877
-0.541612
-2.102318
0.872207
-4.529171
-3.018858
-2.934672
-1.131640
0.494034
-2.068952
-3.546343
-2.895658
0.339786
0.661961
1.055837
-0.056925
-2.698758
-2.796667
-1.695003
-0.467116
-0.696230
-1.841451
-3.324337
-0.835308
3.383068
-2.320399
0.459269
-1.055229
0.198024
-1.079347
-2.450338
-0.560769
-3.430000
-4.113324
-0.717890
-2.334756
1.236853
-0.716984
0.694137
1.856790
-0.204802
0.974854
-0.257793
-0.232719
-0.405355
-0.802440
-2.392481
-0.948580
2.245032
-2.341171
-0.645791
0.131906
1.336875
-1.036041
-0.187662
-1.835677
-2.435417
-2.635544
0.421839
0.541598
0.320606
-1.232022
0.265002
2.165255
-1.846817
-0.537123
-1.968851
-0.031376
0.324362
-1.249952
-0.433064
0.372247
0.390652
0.773871
-0.135626
-1.913313
-3.373303
1.320282
1.323277
-1.522340
-1.011042
3.018537
-1.544231
-0.802908
-0.780538
1.907051
-0.382917
-1.739185
-2.383755
-2.281234
0.559713
-1.559453
-4.848795
0.934563
1.190178
3.610945
-2.120818
-2.114537
-0.542454
-2.162982
-1.426246
0.687174
-1.413618
-1.971907
-1.690961
0.030523
-1.791970
-0.181878
-1.267814
-1.310460
-2.999427
-4.433223
-5.656565
-1.034484
-1.231897
0.546040
-2.893733
-2.054614
-2.784677
-0.575251
1.632447
-2.712430
-3.011496
-1.692623
-0.554242
-1.751928
