# Shape: (64,)
-0.000630
0.000512
-0.003301
0.001307
-0.000743
0.002277
-0.000232
-0.003002
0.000476
0.001828
0.002822
-0.004566
-0.002515
0.003178
-0.003164
-0.003897
-0.003622
0.001048
-0.001780
-0.001186
0.003893
0.002632
-0.001182
-0.003985
0.001189
-0.000801
-0.001409
0.004763
0.005184
-0.000784
0.001328
-0.000697
0.002053
0.005235
0.000329
-0.000287
0.000317
0.001469
0.001278
-0.000144
-0.001020
0.001590
0.001408
0.001313
0.000161
-0.001448
-0.000634
0.000563
0.002467
0.002851
0.000990
0.000050
0.000856
-0.003903
0.000225
-0.001407
-0.000414
-0.003820
-0.001985
-0.002923
0.000811
-0.002773
-0.002550
-0.000607
