# Shape: (64,)
1.070086
1.009655
1.031183
1.055218
0.948115
1.046972
0.873134
0.909265
1.007162
1.055349
0.918320
0.957831
0.984573
0.943573
0.937980
0.959750
1.084837
1.019181
0.980293
1.039052
1.019009
1.074198
0.992972
0.876750
1.043638
0.994581
0.950723
0.993319
1.020512
0.953283
0.939148
1.076012
1.048935
0.904435
0.923829
0.986549
1.062621
0.983146
1.023336
1.043742
0.966823
1.039378
1.063833
1.029533
0.930185
1.034730
1.038631
0.899076
1.031798
0.958528
1.032659
0.947018
0.914934
1.022195
0.905032
0.992616
1.016284
1.074420
1.028111
1.003689
0.892060
1.063127
1.007780
1.110909
