# Shape: (64,)
-1.247154
-1.618960
0.596617
-0.839037
-1.183658
-1.710784
0.951738
-0.037198
-1.221438
-1.076231
-0.129294
0.532731
-0.814487
-0.362883
-0.459738
-2.641922
-1.192355
-1.115325
-1.202739
0.357630
-1.704464
-0.608549
0.407299
1.750079
0.445117
-1.484111
0.612629
0.236862
-0.154538
0.514272
0.775535
-0.563545
-1.435666
0.534669
0.172740
-0.579582
-1.589386
-1.466092
-0.097087
-1.099753
-1.159108
-0.749126
-1.889039
0.014792
-0.364599
-1.421854
-1.297824
1.075846
-1.242827
-0.676274
-1.184622
0.754260
0.557398
1.805624
0.735339
-1.247333
-1.705176
-1.158800
-0.343973
0.232835
0.623306
-0.196223
-0.133331
-1.541317
