# Shape: (64,)
-0.047008
0.007831
-0.128594
-0.048426
-0.133431
-0.036145
-0.102442
-0.156682
-0.099039
-0.091938
-0.103495
-0.107075
-0.111392
-0.095372
-0.156407
-0.075029
-0.049485
-0.096784
-0.129842
-0.054419
-0.064770
-0.041879
-0.132715
-0.118662
-0.079429
-0.101423
-0.126286
-0.158115
-0.064994
-0.074333
-0.110075
-0.041885
-0.163203
-0.164563
-0.146717
-0.077843
-0.055138
-0.132303
-0.047432
-0.061316
-0.130073
-0.099334
-0.056775
-0.074149
-0.030645
-0.089663
-0.034250
-0.143308
-0.068193
-0.107037
-0.135929
-0.144916
-0.124523
-0.079408
-0.221717
-0.067566
0.030441
-0.179848
-0.065697
-0.102835
-0.131155
-0.036392
-0.038065
-0.099174
