# Shape: (64,)
1.664213
1.280742
1.509883
1.180453
1.481292
1.775680
1.178912
1.182274
1.056700
1.392399
1.160907
0.983732
1.747654
1.167412
1.260264
1.940035
1.662043
1.933066
1.581746
1.517401
2.033741
1.579696
0.795957
1.794712
1.184824
1.445551
1.658174
1.445748
0.777029
1.141502
0.793973
1.235354
2.132198
1.594772
1.048004
1.052747
1.667051
1.797388
1.072750
1.643209
1.893854
1.028589
2.151191
1.181881
1.676936
1.729593
1.434889
1.097355
1.206561
1.260360
1.363796
2.263034
1.350293
2.178143
1.406900
2.165529
1.590194
1.526007
1.488010
1.354149
1.152485
1.027848
0.985913
1.835057
