# Shape: (64,)
-0.002242
0.000896
0.002490
-0.001728
0.002401
-0.000817
-0.001487
0.001711
0.001081
-0.001278
-0.000730
-0.001874
0.001530
0.001276
0.006749
-0.000056
0.000178
-0.001766
-0.000742
0.002774
0.000588
-0.001426
0.001655
-0.002003
-0.000437
0.002566
-0.000459
0.001440
0.002159
-0.000303
0.002367
-0.002065
0.000266
-0.002256
0.000264
0.000140
-0.000084
-0.001847
-0.000347
-0.000730
-0.001250
0.000898
-0.000030
-0.002573
-0.001886
-0.004121
0.002417
-0.001597
-0.001294
0.001466
-0.001209
0.002599
0.000066
0.001208
0.002736
0.002785
-0.001982
0.000638
-0.000952
-0.000621
-0.002579
0.000840
-0.001052
0.000746
