# Shape: (64,)
0.010035
0.000965
-0.001144
-0.002743
-0.000996
-0.003423
-0.001150
-0.001757
-0.001572
-0.000215
-0.000862
0.001766
-0.010130
0.006241
-0.001841
-0.000386
0.000007
-0.004599
-0.011480
-0.002206
-0.004896
-0.001330
0.006109
-0.015191
-0.004061
0.004052
0.002438
0.011682
-0.000597
-0.003865
0.002389
0.001374
-0.007115
-0.005814
-0.009028
0.000849
0.005946
0.000901
-0.003137
-0.004012
0.001886
0.002256
-0.009177
0.001778
-0.007411
-0.000066
0.002864
-0.001899
0.003388
-0.005463
0.007742
0.000633
0.009034
-0.001758
-0.001354
0.010151
0.003970
0.008745
-0.001063
0.002820
0.007255
0.006708
0.004963
-0.014966
