# Shape: (64,)
0.001828
-0.001164
-0.001020
-0.000799
-0.002012
0.001260
0.000598
0.001373
-0.002505
-0.001244
-0.000692
-0.001774
-0.002167
0.001718
0.000294
-0.000836
0.000326
0.000097
-0.000878
-0.000496
-0.001801
-0.000218
-0.002362
-0.001391
0.002887
-0.002441
-0.002819
0.001259
0.000140
0.000478
-0.001658
-0.002340
-0.001147
0.000044
-0.001293
-0.003131
-0.000901
-0.000129
-0.000075
-0.000127
-0.002831
0.000916
-0.000204
0.000409
-0.000702
0.000121
0.001966
-0.000102
-0.000385
0.002144
-0.000700
0.000297
-0.000381
-0.003556
-0.000744
-0.000741
0.000042
0.003282
-0.001087
-0.001214
0.001094
-0.001345
-0.000673
0.000993
