# Shape: (128,)
5.911673
6.766835
4.317063
4.315286
6.817205
5.516373
3.848153
5.022867
6.385311
6.637481
6.542765
10.555484
3.605560
4.018684
4.408167
6.229095
6.302825
4.104179
7.205768
4.319547
4.953037
3.299231
4.283605
4.568503
5.382275
7.074233
6.577429
4.044435
4.895655
5.155001
6.040862
4.023286
5.032005
6.094743
3.823662
8.190020
5.079977
4.307023
3.533745
6.722026
8.955019
6.706877
7.152316
5.449398
5.296128
5.060204
4.530892
7.604548
3.560335
5.262885
4.259930
4.478049
6.899934
6.278644
4.488326
9.274427
4.948248
4.825301
4.344924
5.941872
3.559660
6.284606
5.021296
4.433263
5.171523
5.230888
6.670860
6.944405
4.811415
7.354610
4.768775
7.673575
7.240265
4.438365
6.364364
5.017918
5.129934
5.854079
3.969768
5.106671
4.495568
3.141692
7.772389
2.312276
7.367332
3.666995
6.134991
6.007541
6.716531
2.985795
5.195405
6.043382
3.882905
3.648723
4.659684
3.260017
7.627938
4.433871
4.826407
6.673362
4.976798
6.048765
5.154889
5.508545
4.507650
6.192811
6.426280
4.748644
5.286562
5.485851
5.925590
4.938426
5.549017
5.244152
4.692132
3.755542
5.460785
4.750901
4.892831
9.102238
3.957365
9.631643
8.764413
4.032468
4.712006
7.866675
3.632858
5.496457
