# Shape: (128,)
0.879695
0.735861
0.661040
0.826676
0.706434
0.765201
0.855835
0.730485
0.905426
0.739092
0.797817
0.813610
0.707048
0.796246
0.848273
0.816691
0.872373
0.780183
0.728734
0.865255
0.744835
0.761548
0.633493
0.773627
0.901184
0.865110
0.858775
0.694788
0.632124
0.828886
0.813926
0.698584
0.686875
0.915886
0.872515
0.905028
0.661150
0.754628
0.711550
0.697327
0.818372
0.907174
0.792777
0.760018
0.755586
0.773456
0.901442
0.812765
0.515113
0.833329
0.651956
0.836526
0.923435
0.828923
0.765444
0.799675
0.760855
0.752589
0.868915
0.749031
0.809833
0.731228
0.769239
0.881433
0.743583
0.664262
0.700673
0.671324
0.743357
0.779407
0.878927
0.816616
0.709735
0.687397
0.701056
0.777660
0.672964
0.717372
0.779307
0.635920
0.868863
0.769372
0.774351
0.480589
0.882118
0.739670
0.893034
0.815342
0.748204
0.753667
0.784444
0.931571
0.642972
0.745179
0.685259
0.508701
0.826367
0.848037
0.746790
0.782940
0.853627
0.730546
0.830251
0.746768
0.783771
0.879423
0.834602
0.506585
0.757358
0.670819
0.851594
0.829032
0.714628
0.833920
0.830968
0.679722
0.805757
0.773042
0.756576
0.837147
0.738265
0.900413
0.825063
0.809129
0.838383
0.894519
0.793493
0.849879
