# Shape: (128,)
-0.126853
-0.290929
-0.328189
-0.169641
-0.276156
-0.164445
-0.138302
-0.197348
-0.143821
-0.295621
-0.217061
-0.139275
-0.272921
-0.266249
-0.186650
-0.212440
-0.099787
-0.213229
-0.204391
-0.164520
-0.222705
-0.209729
-0.330965
-0.211858
-0.070421
-0.158320
-0.192320
-0.343534
-0.221558
-0.234065
-0.257967
-0.237252
-0.325901
-0.078944
-0.111121
-0.085279
-0.382515
-0.327894
-0.308581
-0.187079
-0.169896
-0.055216
-0.130479
-0.304154
-0.111860
-0.208176
-0.103919
-0.269888
-0.362075
-0.120321
-0.278461
-0.164616
-0.157517
-0.191146
-0.224965
-0.186706
-0.299459
-0.222201
-0.132023
-0.176293
-0.165879
-0.218455
-0.189476
-0.165800
-0.244437
-0.323777
-0.249614
-0.276928
-0.214497
-0.160639
-0.110449
-0.141476
-0.308420
-0.272588
-0.339503
-0.180389
-0.291525
-0.371271
-0.169649
-0.284894
-0.122829
-0.316569
-0.202555
-0.269131
-0.154676
-0.202955
-0.063482
-0.178052
-0.258185
-0.255645
-0.201989
-0.120389
-0.327883
-0.204071
-0.271493
-0.287524
-0.214533
-0.273629
-0.256019
-0.305606
-0.138688
-0.273983
-0.247879
-0.303656
-0.342973
-0.193048
-0.160828
-0.309732
-0.292758
-0.169216
-0.127296
-0.163482
-0.280569
-0.173258
-0.234542
-0.355696
-0.223009
-0.279015
-0.277113
-0.151694
-0.199812
-0.076104
-0.138607
-0.178228
-0.288575
-0.204205
-0.258862
-0.232192
