# Shape: (128,)
-0.244228
-2.895058
0.192319
-2.767394
-2.363266
1.379212
-1.218344
-1.063465
-1.316804
-2.761040
-1.158941
-4.113381
-1.044248
-2.716705
-2.185287
-2.622578
-3.190629
-1.939806
3.031353
-2.835447
-2.191187
-2.189805
-1.395407
-2.967927
-0.922185
-2.263777
0.967684
-1.283208
2.139221
-1.277181
-3.264076
-0.911308
-1.496554
-2.855772
-0.092413
-3.643460
-1.588816
-1.922122
-1.909115
-2.998909
-3.188844
-0.688355
1.893515
-2.257584
-0.082535
-0.849356
-0.583105
-2.974796
0.315467
-0.826380
1.430400
-2.044929
-0.909709
-1.319927
-0.543514
-3.463417
-0.613509
-1.424263
-2.715340
-1.103752
-0.940649
-2.907903
0.073202
-1.036524
-1.630993
-2.261107
-1.680498
-1.943783
-0.914445
-3.072914
0.722427
-2.760972
-3.085254
-1.780712
-2.730700
-0.323085
-2.086846
-2.969205
0.146882
-3.557731
-1.918776
-1.333792
-3.318121
-1.766745
-2.215539
-0.922863
0.135116
-2.278047
-4.152103
-2.053716
-3.029177
-0.670965
-1.476207
1.714494
-1.946626
-2.208798
-2.112758
-1.685737
-2.010811
-1.131094
0.452914
-0.583889
-1.684387
-3.013666
-2.048234
-1.552850
-2.501307
-0.496676
-2.250285
-3.533413
-2.855404
-1.627955
-2.625736
-1.591855
-0.864878
-2.033243
-1.344865
0.542529
-2.008067
-3.711468
-1.782815
-3.157816
-3.095641
-1.706434
-1.430985
-1.557786
-2.254870
-1.395618
