# Shape: (128,)
-0.001622
-0.000331
0.000296
0.000720
-0.000117
-0.000161
-0.000066
0.000546
-0.000324
-0.000265
-0.000402
0.000247
0.000924
-0.000038
0.000011
-0.000292
0.000392
-0.000409
0.001046
-0.000309
0.000242
0.000235
-0.000494
0.000747
0.000392
0.000078
0.000206
-0.000040
-0.000968
-0.000078
-0.000885
-0.000056
-0.001238
0.001384
-0.000035
-0.000016
-0.000543
0.001589
-0.000212
-0.001573
0.000401
-0.000016
-0.001489
-0.000018
-0.000598
0.000540
0.000121
-0.001132
-0.000639
0.000672
0.001169
0.000423
-0.000004
-0.000072
0.001686
0.000267
0.000613
-0.000433
-0.000753
-0.000452
-0.000393
-0.000403
-0.001145
-0.001010
-0.001222
-0.000314
-0.001122
0.000630
-0.000168
-0.000049
-0.000705
0.000073
-0.000675
0.000630
-0.000888
-0.000933
0.000239
-0.000925
0.000238
-0.000164
0.001015
-0.000127
-0.000334
0.000323
-0.000171
-0.000230
0.000432
-0.000728
0.002259
0.000127
-0.000370
0.000802
-0.000117
-0.001635
-0.000437
0.000604
0.000606
0.001263
-0.001423
-0.001279
0.000427
0.000227
0.000812
0.001059
-0.001270
-0.000514
-0.000204
-0.000676
0.000245
-0.001291
-0.002355
0.000876
-0.001451
-0.000644
-0.000299
0.000539
-0.000930
-0.000139
-0.000068
-0.000730
-0.000075
0.000082
0.001335
-0.000791
0.000166
-0.001086
0.000039
0.000020
