# Shape: (128,)
17.065775
11.001417
22.281769
13.796326
26.082781
10.371902
12.794586
9.667525
10.251770
10.492550
13.008855
15.872190
11.652395
11.480260
10.486872
19.108232
19.975470
8.807789
14.386647
8.874924
12.034244
11.612078
11.237732
8.816360
26.938089
17.870420
9.723991
23.167385
10.249523
16.904394
11.371912
14.124418
12.839778
10.395481
11.708677
9.336249
20.348232
11.878459
9.358298
12.053038
10.190759
11.362242
13.331694
11.539587
10.199953
9.467054
14.084816
9.264470
14.374097
11.163074
16.833723
14.100721
11.185112
11.072560
17.669867
19.945597
13.299976
10.304977
10.705503
16.836874
11.019740
8.527658
11.290618
13.471063
10.610515
10.785968
23.504869
11.051053
12.165243
10.816183
23.097921
11.087589
9.007895
17.837345
9.984971
11.967115
11.961792
10.275130
11.890304
9.640117
10.535368
11.480678
23.931860
9.510921
10.624631
16.442955
14.647912
14.072804
15.067958
13.568041
24.191725
13.381664
9.476152
16.220991
13.385592
13.255198
15.643394
12.873419
10.786447
16.465633
12.503137
9.464103
11.649906
17.373184
13.873294
9.786394
12.411844
11.424772
15.728109
11.074039
11.375011
13.196303
24.299250
18.032461
9.455635
10.670516
14.989435
12.440486
12.621472
9.010654
11.619613
10.919155
9.793439
9.655073
26.828083
11.992239
10.541286
14.284755
