# Shape: (128,)
-0.016112
-0.140332
0.002091
-0.075559
0.141849
-0.235338
-0.206317
-0.091718
-0.139978
-0.065790
-0.187362
-0.044060
-0.062754
-0.170012
-0.197171
-0.079385
-0.107159
-0.214894
-0.043811
-0.151658
-0.158826
-0.068208
-0.175991
-0.290943
-0.038052
0.054073
-0.066198
0.115319
-0.163607
0.047830
-0.041624
-0.068171
-0.146669
-0.252793
-0.194019
-0.269472
-0.047875
-0.128914
-0.186218
-0.081039
-0.118520
-0.201868
-0.051747
-0.151623
-0.229489
-0.136946
-0.017378
-0.176407
-0.138603
-0.070977
-0.063249
-0.077830
-0.148571
-0.153020
-0.095217
0.005110
-0.108892
-0.128655
-0.090080
0.018776
-0.316685
-0.117677
-0.088205
-0.081930
-0.189779
-0.098157
0.012253
0.051831
-0.108183
-0.096239
-0.061524
-0.045370
-0.163016
0.003302
-0.177319
-0.052256
0.023935
-0.327167
-0.090707
-0.086014
-0.135888
-0.075596
-0.003558
-0.089535
-0.006398
-0.215374
-0.045403
-0.091940
-0.123167
-0.056206
0.136511
-0.022461
-0.229708
-0.017101
-0.091051
-0.030368
-0.080897
-0.176512
-0.196718
-0.202182
-0.121406
-0.152170
-0.057202
-0.044181
-0.061149
-0.108517
-0.129612
-0.036587
-0.106513
-0.149791
-0.109801
-0.130508
0.059425
-0.067025
-0.233523
-0.066497
0.065920
-0.057131
-0.075969
-0.137354
-0.161734
-0.196911
-0.241691
-0.059436
0.101242
-0.062244
-0.068147
-0.118105
