# Shape: (128,)
0.960875
0.948385
1.062188
0.899868
1.401634
1.001215
1.009136
0.914697
1.075184
1.003563
0.988996
1.043411
0.978031
0.948721
1.012615
1.110946
1.061739
1.085148
0.937393
1.097971
1.046902
1.013169
0.970808
0.984377
1.103944
1.273438
1.128682
1.103442
1.053031
1.123998
1.039979
1.303243
1.066225
0.937758
0.973777
1.007260
1.226436
0.960155
0.976184
1.159186
0.960114
0.976954
1.158621
1.001235
1.126209
0.869898
1.068466
1.121469
1.092479
0.997374
0.986880
1.051282
1.053165
1.156623
1.148446
1.227519
1.098445
1.093597
1.013448
1.093473
0.919699
1.048803
1.122105
1.040723
0.984119
0.978843
1.138319
1.185654
1.113255
1.164187
1.063683
0.994520
1.043483
1.226059
1.102662
0.932709
1.051929
0.941222
1.068461
1.141095
0.877030
1.077333
1.166576
1.082710
1.102553
0.997640
1.052250
0.940387
0.929787
1.120252
1.463803
1.073549
1.118513
0.941659
0.963870
1.041299
1.011858
1.065358
0.889467
1.101362
1.033730
1.007777
1.097976
1.082521
1.240016
1.172451
0.882797
1.020327
1.147608
1.035622
0.966456
0.980600
1.263648
0.959811
0.930169
1.053548
1.139791
1.036244
1.029273
1.081491
1.068312
1.087889
1.068856
0.993853
1.535803
1.018621
1.021946
1.049467
