# Shape: (128,)
-6.950730
-3.912272
-0.999747
-2.998129
-6.543201
-1.463028
-3.465274
-0.347181
-0.022683
-4.407948
-2.651770
-6.079842
-1.492389
-3.360769
-4.490247
-5.690103
10.652983
-3.253401
0.762525
-1.496434
-2.235665
-3.511868
-5.450449
-1.094384
-0.498340
2.766643
-1.907763
-7.248142
-5.072459
-1.413663
-1.990229
-3.131915
-3.061479
-4.905059
0.990825
-1.671149
2.813473
-1.990439
0.297293
-3.876323
-0.030276
-0.984547
-2.121238
-1.793943
-2.404187
-1.467141
-0.883138
-4.444870
-9.484695
-1.696142
-0.502187
-0.866109
-0.426530
2.315862
-6.122864
1.975009
-4.105063
0.940217
-2.910625
-5.906719
-2.030047
-1.006719
-3.287211
-0.909366
-0.827694
0.028339
8.008804
-5.224648
-5.215965
-4.693577
-0.336859
-2.362060
-1.225565
-6.892836
-2.877474
-4.430605
-4.792314
-3.751257
-3.358972
-2.294051
2.684808
-1.329006
-6.014626
-3.618050
-3.072472
-0.955360
-7.353712
-4.082018
3.533943
1.787035
-6.528818
-3.608285
-2.087072
-3.544254
-4.264972
-3.945555
-1.350189
-4.708039
-1.663299
-1.231403
-1.380209
-0.591270
-0.358799
-1.293401
3.227473
-1.125913
-0.599155
-6.290303
-3.044508
-2.866535
-2.344071
-5.258920
-3.362860
-5.855872
-1.428918
-0.146091
2.717106
-2.472929
-2.382058
-4.092083
-3.826545
-5.912486
2.126225
-4.099825
-5.245399
-1.444170
-2.006987
-5.585559
