# Shape: (128,)
1.963604
2.329594
1.879606
2.255852
1.365561
1.764578
1.829554
2.624780
1.714371
1.482496
1.744388
1.879791
1.614185
2.789952
1.647898
1.323201
3.013047
2.094099
1.708415
2.522835
1.717020
1.472940
1.795982
1.902332
1.774354
1.404607
1.639079
1.796085
1.828748
2.192604
2.181154
1.589260
2.318450
1.812773
1.941975
2.265387
1.902449
1.408399
1.664662
1.067246
1.730936
2.008672
1.689944
2.111583
1.565636
1.444573
1.621354
1.949077
1.981485
1.984477
1.750355
2.038175
1.450555
1.620395
3.106848
2.570061
1.589053
2.508915
1.992572
1.851284
2.037420
2.612855
1.905687
1.497134
1.476389
1.749101
2.520609
2.644324
1.444619
1.135434
1.090355
2.217701
2.451737
2.877364
1.406470
2.321235
1.478555
1.358525
1.990022
1.735661
1.590127
2.210899
2.115464
2.038902
2.395905
1.901280
1.460770
2.377674
2.113224
1.925712
1.181838
1.038162
1.814664
2.185941
1.846707
1.578198
2.675792
1.740555
2.717384
2.226248
1.733870
1.868031
1.212476
1.870782
1.438720
2.349935
1.998807
1.354206
2.043961
2.200230
1.520811
3.773931
1.701419
1.417976
1.498035
1.932118
2.773183
1.928692
1.861541
1.764660
1.688787
2.249361
2.048223
1.629081
1.571914
1.835645
1.254191
1.850514
