# Shape: (128,)
-1.495955
-0.564561
-0.363212
-0.506482
0.519691
0.754732
-1.840432
-1.534807
0.994631
0.368940
0.312001
1.769200
0.384312
-0.519338
1.306691
1.601078
1.634741
-1.638117
2.506052
1.679856
-0.071233
-0.992763
-0.346027
0.032844
-0.210195
1.763513
0.553947
-0.759305
-1.374646
-0.159090
-0.911304
-0.371741
-0.701879
-0.503109
-0.320521
-0.259106
-1.318559
0.374800
1.661369
-0.965970
0.238159
-1.198056
1.433316
-1.520289
-0.607107
1.300097
1.064064
0.627221
0.798330
-2.637182
-1.477381
-1.023553
0.332254
0.633965
-0.977050
-0.888446
-0.343099
0.249113
-0.844011
0.779993
-1.927341
-0.114218
0.036919
1.786510
0.689095
1.416234
1.257843
-2.752022
-0.726426
0.394432
0.298052
1.263559
-1.429398
0.697866
-1.020864
0.925240
1.081393
1.599943
-2.037530
0.244896
1.508523
-0.583272
0.951923
1.840583
2.221328
1.026169
-1.731784
0.451506
-1.232556
1.899369
0.965260
0.431366
2.137858
1.696645
-0.556076
1.427531
-1.027855
-0.260486
-1.025552
-0.977319
0.630399
0.522950
-0.276674
1.389880
-0.302049
1.188454
-0.341919
1.701370
-0.400522
2.673728
2.837034
-3.875167
-1.229563
0.650000
2.051860
0.389572
-2.150271
0.078625
-0.547830
0.487274
1.069994
0.088194
-1.629602
1.491592
2.356415
2.382027
0.882202
1.669304
