# Shape: (128,)
1.033633
1.049302
1.079681
0.996423
0.989020
1.028344
0.973916
0.939121
0.954266
0.984811
1.003906
1.002257
0.956055
1.092640
1.016698
0.983818
1.022503
1.001194
0.990986
0.933239
0.980029
0.958246
0.988021
1.066448
0.941713
0.963103
1.003160
0.989519
1.001097
0.998947
1.007635
1.085232
0.988474
1.029714
0.933500
0.975491
0.965740
1.029083
0.916107
0.963635
0.916280
1.033132
0.987017
0.983793
0.989371
0.967106
0.917346
1.089699
0.979400
0.900594
0.951426
0.992988
0.937043
0.997164
1.036024
1.035674
0.940119
1.043276
0.968128
0.998707
0.935985
1.020996
1.034147
0.958390
1.036376
1.035049
1.021341
0.981894
1.018687
0.973571
0.952855
0.972301
1.068301
1.101360
0.947945
1.027299
0.980389
0.904459
1.017805
1.005673
0.928435
0.997337
0.979767
0.969103
1.014594
0.985810
0.971161
1.048501
1.092709
0.980492
0.958253
0.949643
0.971990
1.019729
1.014906
0.958079
0.993810
1.018523
1.037099
1.051279
0.984067
0.978437
0.942411
0.934004
0.992930
1.003116
0.973497
0.874714
0.967161
0.977116
0.919588
0.960287
1.017779
0.895141
0.952890
0.949717
0.961237
0.913688
0.969895
0.997230
0.969333
1.061614
0.943987
1.021442
0.983572
0.959727
0.980496
0.930823
