# Shape: (128,)
-0.067636
-0.084847
-0.061271
-0.076341
-0.134146
-0.059231
-0.052019
-0.102610
-0.132220
-0.133616
-0.078893
-0.164907
-0.137997
-0.059784
-0.239198
-0.093853
-0.170146
-0.140159
-0.178002
-0.189076
-0.163699
-0.167151
-0.113684
-0.009500
-0.133837
-0.179111
-0.063702
-0.042541
-0.066824
-0.102408
-0.052503
-0.112869
-0.115645
-0.040129
-0.179515
-0.090247
-0.134393
-0.074020
-0.166280
-0.076850
-0.165465
-0.097627
-0.260760
-0.089521
-0.136513
-0.186008
-0.196735
-0.209183
-0.173899
-0.133868
-0.095384
-0.103911
-0.095682
-0.069806
-0.192562
-0.230477
-0.083214
-0.057274
-0.073577
-0.106491
-0.129128
-0.095555
-0.095337
-0.177691
-0.114004
-0.161433
-0.132397
-0.068037
-0.073764
-0.090115
-0.109948
-0.205116
-0.053861
-0.223129
-0.108656
-0.233438
-0.090773
-0.147629
-0.064308
-0.159032
-0.168705
-0.091532
-0.134438
-0.197436
-0.214982
-0.222247
-0.097813
-0.043809
-0.106429
-0.154595
-0.107262
-0.125631
-0.214012
-0.102054
-0.099375
-0.132508
-0.088136
-0.081814
-0.040014
-0.176262
-0.135188
-0.139574
-0.128344
-0.131623
-0.070758
-0.105911
-0.070252
-0.192892
-0.081859
-0.159445
-0.121041
-0.141331
-0.128938
-0.144124
-0.134947
-0.141692
-0.109758
-0.157590
-0.075408
-0.114406
-0.175397
-0.121764
-0.177328
-0.120180
-0.091508
-0.204268
-0.077653
-0.143670
