# Shape: (64,)
-0.251291
-0.016043
-0.113245
-0.257225
-0.185671
-0.229130
-0.056862
-0.003252
-0.063440
-0.253892
-0.153117
-0.139448
-0.148795
-0.082430
-0.108345
-0.121746
-0.274666
-0.212890
-0.148280
-0.146558
-0.171834
-0.255842
-0.257734
-0.024078
-0.023098
-0.205872
-0.135645
-0.217081
-0.198734
-0.261139
-0.006583
-0.276666
-0.190625
-0.222173
-0.192067
-0.028771
-0.310156
-0.150511
-0.069975
-0.125101
-0.268673
-0.273185
-0.235356
-0.247490
-0.383546
-0.180168
-0.204187
-0.196771
-0.308247
-0.195708
-0.148634
-0.290050
-0.167712
-0.041220
0.184547
-0.148883
-0.307682
-0.205929
-0.180175
-0.210891
-0.357553
-0.235817
-0.247230
-0.127510
