# Shape: (64,)
6.245309
9.554722
14.723512
8.988682
7.771955
5.331813
5.211679
5.586669
10.220673
4.904704
11.880245
5.434734
6.563559
6.158915
9.721591
8.382809
4.872880
5.498672
6.832210
5.093573
6.843757
5.231261
5.992797
7.902397
9.990558
13.705806
5.858928
8.258738
6.698100
5.897976
13.920430
5.540851
8.765741
5.684236
5.174059
8.306073
5.637438
9.166974
6.967109
8.177854
6.220391
6.050505
15.292120
7.011341
5.731323
5.383086
15.244849
8.934456
6.689270
5.554354
8.208074
5.430515
7.510491
10.560259
5.101601
6.045956
8.864519
6.905337
7.248241
8.255164
4.252463
10.103081
8.139182
7.223131
