# Shape: (64,)
-0.944031
-3.567565
-3.436298
-2.848413
-2.347233
-1.696576
-0.960073
-1.712213
-2.425360
-1.155854
-4.090370
-1.737320
-1.734750
-1.074351
-3.181502
-1.179201
-0.766967
0.007029
-1.896220
-1.352129
-1.624926
-2.549138
-1.771175
-2.008399
-2.523346
-5.611721
-1.305580
-0.803981
1.117820
-0.248532
-3.079833
-2.026188
-3.284930
-0.752521
0.703443
0.616616
2.859836
-1.028060
0.186450
-2.832803
-1.089416
-0.681073
-3.783298
-1.104143
-0.711031
-1.904925
-4.419254
-2.261218
-1.025543
-1.096848
-2.730725
-1.524573
-2.292121
-3.097956
-1.446994
-2.260772
-4.171698
-1.666007
-0.395762
-2.693345
0.314877
-3.033929
-2.452738
-2.807071
