# Shape: (64,)
0.845242
0.929622
1.155734
1.040377
1.013718
0.996788
0.982987
0.977739
0.992481
0.996633
1.033126
0.889278
1.029298
0.855395
1.118755
1.118046
0.962183
0.869851
1.028154
0.909988
0.979627
0.864227
0.835650
1.034634
1.156429
1.039662
1.017285
1.065560
0.920985
0.780268
1.204875
0.892776
1.075533
0.849160
1.121580
0.839034
0.902129
1.211174
0.860110
1.072131
0.930693
0.908440
1.266659
0.914946
0.998628
1.074564
1.209301
0.961074
0.927878
1.144240
1.075851
1.013800
1.065419
1.227021
1.018887
1.069088
0.957092
0.996189
0.903786
0.921124
0.842297
1.092979
1.144575
1.077710
