# Shape: (64,)
0.876512
0.974010
0.929730
1.002459
0.880855
0.901725
0.976158
0.892002
0.831430
1.193331
0.831537
0.964779
1.114578
1.057862
0.912775
1.113147
0.917138
1.057864
0.834457
0.923164
1.137017
1.008639
0.936045
1.051717
1.020934
0.910325
0.879602
0.821548
0.925707
0.953767
1.136254
0.916125
1.014563
1.034414
0.942492
0.964920
0.949687
0.906040
1.176012
0.957626
0.970523
0.842415
0.911467
1.125899
0.988743
1.053664
1.041281
0.989391
0.976606
1.110812
1.043697
0.942240
0.976025
0.770120
0.857736
0.923436
0.947207
1.013707
1.014773
0.951766
1.065708
1.044949
0.926731
0.889130
