# Shape: (64,)
-1.706907
-2.437511
-1.563931
-4.297752
-2.942178
-4.582187
0.247445
-0.691683
-1.745958
-0.264265
0.811263
-1.667527
-4.430428
-1.858768
-5.535626
-3.240645
-2.654338
-1.746717
-3.901215
-5.298556
-6.484680
1.574603
-5.850382
-4.448180
-2.187958
-0.742569
-2.689775
-0.891383
-3.095267
-5.031335
-2.055542
-3.865959
-0.958838
-4.592947
-1.361671
-0.054192
-1.341640
-1.020767
-4.970177
-3.562789
-1.363715
-0.591944
-0.805333
0.097047
-3.540441
-2.395347
-2.566566
0.911861
-6.789037
-0.826579
3.976869
-2.591177
-2.276366
0.980447
-1.073163
-1.152489
-1.931040
-4.146925
-3.990451
-2.141319
-1.682632
0.806119
-2.129838
-1.239447
