# Shape: (64,)
4.891770
6.891449
5.672467
7.134874
4.787428
5.972554
6.153046
4.989943
9.664493
10.057914
6.278960
6.954119
7.739444
5.832901
6.193658
8.317481
7.276629
9.032060
7.467062
6.626090
9.750666
7.272410
9.712681
7.693974
5.496025
7.330272
6.455815
7.404253
6.055357
7.637792
6.420299
6.723669
5.401740
7.006448
7.661417
6.825659
7.238592
7.000739
7.223628
6.634258
9.620055
5.909220
8.148520
9.995369
5.968626
7.626084
8.841375
9.204079
10.280694
9.369949
8.320194
7.209438
5.404496
5.856965
5.852583
4.738532
7.417694
6.803998
8.604710
4.866758
6.085782
8.995925
4.956938
6.151683
