# Shape: (64,)
-0.586015
-0.423752
-0.532479
-0.189677
-0.373799
-0.370493
-0.395137
-0.401078
-0.179497
-0.366537
-0.300814
-0.243857
-0.353335
-0.417019
-0.342055
-0.370084
-0.487203
-0.266864
-0.425701
-0.416877
-0.095434
-0.407644
-0.277309
-0.404424
-0.546571
-0.417241
-0.234396
-0.395884
-0.373526
-0.327398
-0.315894
-0.077197
-0.231309
-0.558361
-0.477056
-0.217441
-0.289941
-0.422542
-0.457986
-0.335663
-0.202120
-0.265995
-0.226877
-0.207932
-0.440048
-0.242384
-0.275438
-0.368941
0.010275
-0.566277
-0.194911
-0.342996
-0.228364
-0.389608
-0.341859
-0.436278
-0.401255
-0.419022
-0.412047
-0.227126
-0.320238
-0.418218
-0.409784
-0.285169
