# Shape: (128,)
0.969914
0.986282
1.016904
0.994674
1.055895
0.992782
1.039692
0.990479
0.992903
1.012126
0.932949
0.959841
0.952056
1.015671
0.984675
1.024427
0.965413
0.964333
1.040456
1.007895
0.966146
0.987777
0.966860
1.030163
1.015234
0.978918
0.981299
1.019773
1.003575
0.991272
0.900809
0.991495
1.047145
0.958445
0.969772
0.939251
1.013228
0.968170
1.009185
1.008736
0.984936
1.063029
1.023679
1.024234
1.027269
0.995872
0.995096
1.012191
0.984574
0.991708
1.012713
0.987273
0.941429
0.926649
1.007662
1.003089
1.087371
0.939829
0.987777
0.972098
0.988935
1.012389
0.973774
1.003326
1.042891
1.022547
1.041333
1.062452
0.969261
0.983465
1.018760
0.946509
0.931714
1.007986
1.003649
1.012016
1.013979
0.897437
1.032445
0.965980
0.926247
0.981799
1.019496
0.964430
0.993291
0.937722
1.036171
0.974197
0.958857
1.036803
0.972447
0.942275
0.990889
0.949697
1.023668
1.024007
0.984279
1.062751
1.061332
0.944917
0.906834
1.023173
1.002765
1.026214
1.104645
1.006690
0.912270
1.033723
1.038978
1.025653
0.917791
0.987281
1.023615
0.989912
0.968518
1.011713
0.933881
1.005928
0.982318
0.983787
1.033303
0.989489
1.022910
1.002367
0.959461
0.997889
1.047498
0.997492
