# Shape: (128,)
0.611997
-2.078794
2.684842
0.984093
1.973487
2.163825
0.868562
-1.171404
-2.120387
-0.187323
-1.290680
0.852184
-1.288649
1.381510
-3.237685
-0.353476
0.898818
2.653226
1.538343
-1.795302
2.002156
0.694203
0.346241
-0.614052
-2.401870
0.053486
-1.594398
0.016658
-2.277049
-4.168555
-0.164767
-0.706418
-0.300237
-0.317806
1.539447
0.569663
-1.908222
1.772729
0.698439
0.196766
2.853782
2.196422
-0.499481
-0.432241
1.516800
1.031908
-0.991062
1.624169
-0.166971
-1.507879
-1.192617
0.482163
2.739465
-0.184379
-2.339844
-1.257086
-0.592458
-2.113531
-3.721079
-2.378741
0.717748
-1.501469
-2.688339
1.827005
1.407798
-0.675500
-2.479365
-0.368953
0.887859
1.147713
-2.663522
-2.100847
-3.069071
-1.369088
2.877633
-0.554938
-0.007265
1.142661
1.050964
1.889455
-2.202451
2.066575
1.781355
0.006964
0.994540
0.871837
-2.740775
-0.375337
0.436464
-0.074293
-3.005606
2.292742
-2.163991
2.199733
0.851992
-2.570264
1.351684
-1.300828
-2.622198
2.109975
-0.623574
-3.328413
1.285871
-2.117688
-0.870527
1.355448
-1.329270
-0.052094
-1.181610
-3.171856
1.745988
-0.229481
-0.022651
1.774708
-0.973169
-1.216618
2.019248
4.447256
1.020718
-0.130160
-1.055883
1.021351
1.281505
0.468025
1.612635
1.678996
-1.783341
-0.190557
