# Shape: (128,)
-0.077099
-0.083438
-0.108797
-0.069816
-0.095778
-0.048882
-0.127810
-0.102933
-0.037282
-0.081139
-0.073189
-0.068085
-0.102899
-0.059997
-0.029127
-0.058635
-0.063026
-0.086039
-0.024093
-0.140044
-0.110787
-0.090754
-0.136669
-0.060016
-0.025160
-0.067448
-0.103629
-0.034128
0.016102
-0.041106
-0.142539
-0.058836
-0.036487
-0.078417
-0.102579
-0.180016
-0.002335
-0.096508
-0.087145
-0.051627
-0.027604
-0.021363
-0.070268
-0.076514
-0.099438
-0.085886
-0.037450
-0.106330
-0.114032
0.014581
-0.018003
-0.120767
-0.042742
-0.058695
0.028949
-0.037977
-0.158881
-0.061553
-0.027156
0.019675
-0.178356
-0.089990
-0.004317
-0.088155
-0.063929
-0.047465
-0.104986
-0.065696
-0.090530
-0.060479
-0.030997
-0.053174
-0.058747
-0.049217
-0.069271
-0.053292
-0.113605
-0.173104
-0.153024
-0.181028
-0.064182
-0.094607
-0.083032
-0.029819
-0.054138
-0.092780
-0.024928
-0.055518
-0.053279
-0.073328
-0.020247
-0.112233
-0.004947
-0.194020
-0.071723
-0.009280
-0.102608
-0.006806
0.019832
-0.083452
-0.121481
0.006185
-0.076728
-0.024268
-0.012300
-0.031903
-0.100294
-0.039396
-0.103465
0.004127
-0.125013
-0.060054
-0.040282
-0.031101
-0.033562
-0.084757
-0.099597
-0.079663
-0.154114
-0.053844
-0.052427
-0.095077
-0.091838
-0.181232
-0.070306
-0.069026
-0.051225
-0.139959
