# Shape: (128,)
2.035357
3.296640
2.251385
2.358325
2.373116
2.578219
3.037255
2.326928
2.045200
3.097787
1.912440
1.700098
2.671058
2.323282
2.717236
2.410781
2.301113
4.090469
3.397748
5.173937
2.059698
2.267294
2.868043
1.990686
4.588541
2.727126
3.300966
1.907398
3.466902
4.223748
2.505254
3.094449
2.659267
2.527609
2.611066
3.280101
2.582701
2.068288
2.464266
2.999984
2.447689
2.944467
3.052454
1.426475
4.218158
3.317812
3.042990
2.084019
2.175954
2.409274
3.351667
2.943296
4.130194
2.147852
2.122267
2.755484
3.586936
3.117493
2.481693
2.349457
3.319695
1.814128
3.411480
2.377167
2.137358
1.829682
3.054696
1.766641
1.960880
2.624671
3.527989
3.229266
3.399765
3.171454
2.280852
1.682060
3.478020
3.298559
2.799870
2.892790
4.128004
3.219654
2.410683
2.686365
2.117619
2.379382
4.117087
2.179593
1.980411
2.974984
5.021305
3.482036
4.151018
2.892317
2.500699
3.807269
1.662076
3.192214
2.307492
1.560545
1.679988
5.526456
2.112168
3.829379
2.819961
2.020932
2.643577
2.632082
3.191575
3.127258
1.955485
1.779833
1.769129
2.002044
1.849181
2.518412
2.060492
2.372826
2.780047
1.503420
2.217406
2.015839
2.826695
2.405643
2.809468
1.870698
3.398063
4.084740
