# Shape: (64,)
1.165364
1.002884
0.907686
1.090887
1.034414
0.973429
1.088590
1.037789
0.952583
1.003168
0.896509
0.995947
0.998428
0.993696
0.939103
0.953835
0.945014
0.910586
0.967868
1.107587
0.945021
1.006094
0.903012
0.944394
1.010104
0.956013
1.063841
1.045754
0.977022
0.883690
0.962500
0.962290
1.045521
0.989340
0.931674
0.910172
0.910444
1.049652
1.018358
0.894476
0.982896
0.980164
0.954164
1.006788
1.003335
1.041115
1.055998
0.980118
0.905164
1.058741
1.017246
0.839910
0.891410
0.855139
0.981716
1.041004
0.936475
0.957198
1.097253
0.991293
1.000418
0.915646
0.972020
1.019683
