# Shape: (64,)
5.969563
3.611839
3.537124
3.802106
3.034051
2.695902
4.573277
4.237109
3.668012
3.215670
3.289340
4.386258
3.595941
3.499565
4.137978
4.257679
3.497695
2.499549
5.162281
3.166541
3.153088
4.849505
3.091774
3.401731
5.209677
2.979492
3.376262
3.331930
3.442775
2.789781
3.943769
5.075309
3.757436
3.573159
3.243649
2.527789
4.035601
3.672109
4.383031
4.130768
4.513810
2.820690
4.800541
3.468400
3.528252
2.899890
4.724212
4.027552
2.829561
4.061147
3.493962
3.316119
2.749622
3.724181
4.191204
5.547317
3.424109
2.883476
3.601873
3.989036
3.021177
3.858061
5.813370
3.773441
