# Shape: (64,)
-5.187490
-2.103637
-1.126533
-0.850026
-1.004773
-0.510935
1.010643
0.145891
0.470230
-1.756884
-0.874918
-3.335183
-2.961039
-2.182264
0.526919
-1.580851
-2.658442
0.008933
-3.052665
0.160212
-2.504207
3.800379
-0.524179
-1.237711
-1.093546
-1.948701
-1.450497
-2.661356
-1.349393
-2.142366
-3.338401
-6.107622
-0.023536
-4.261328
-2.067285
-0.992494
-1.234637
-0.107071
2.066541
-2.438341
-4.193418
-0.629186
-1.185560
-1.127550
-1.714783
-2.169340
1.095110
0.017074
-1.323055
-4.023404
-1.101236
-1.403579
-1.131268
-1.294246
-3.579954
-3.686690
-2.834849
-0.958813
0.318532
-0.021852
-2.829848
-0.739111
-1.239571
-1.273385
