# Shape: (64,)
-0.146321
-0.254891
-0.268454
-0.168611
-0.368279
-0.374847
-0.256007
-0.310974
-0.329639
-0.184199
-0.255083
-0.250623
-0.120555
-0.257618
-0.259616
-0.242700
-0.308615
-0.343405
-0.399966
-0.325854
-0.282085
-0.158422
-0.291286
-0.222404
-0.220103
-0.324247
-0.397212
-0.436141
-0.347151
-0.304282
-0.274433
-0.165957
-0.258031
-0.132634
-0.365021
-0.301471
-0.308425
-0.320394
-0.282922
-0.254473
-0.197819
-0.337560
-0.246388
-0.393058
-0.315981
-0.289520
-0.181606
-0.210118
-0.212165
-0.266235
-0.161649
-0.291688
-0.247614
-0.202677
-0.145438
0.001607
-0.493315
-0.332167
-0.429191
-0.141092
-0.288038
-0.326663
-0.158279
-0.263586
