# Shape: (64,)
0.955114
0.985982
0.969132
0.997672
0.999402
1.001407
1.071674
1.066247
0.986850
0.903630
1.082285
0.956000
0.943864
1.066424
0.956301
0.931908
0.989928
1.041783
1.014407
1.045546
1.006227
0.975890
0.906043
1.002290
0.933607
0.989702
1.016127
0.925152
1.032647
0.925558
1.023464
1.040242
0.966458
0.916898
0.863564
1.136417
0.999341
0.933718
0.970995
1.027829
0.990064
1.075474
0.934687
0.897262
1.005841
0.993230
1.020114
0.962734
0.966093
0.902855
0.940510
1.044008
1.010962
0.958553
1.023066
0.989627
1.019147
0.959213
0.994186
0.941056
0.977538
0.870490
1.081178
1.085521
