# Shape: (64,)
-0.160455
-0.240382
-0.101864
-0.124350
-0.126253
-0.154655
-0.260251
-0.055781
-0.150785
-0.164385
-0.062646
-0.114045
-0.194245
-0.242896
-0.198070
-0.056762
-0.158414
-0.034311
-0.196159
-0.201870
-0.063370
-0.170866
-0.241325
-0.123511
-0.245369
-0.090126
-0.070694
-0.185881
-0.145905
-0.160198
-0.078748
-0.263836
-0.146688
-0.108760
-0.144553
-0.318454
-0.145265
-0.212639
-0.113311
-0.186258
-0.068693
-0.288559
-0.131127
-0.354327
-0.113484
-0.075677
-0.301676
-0.124430
-0.195496
-0.161655
-0.119150
-0.054389
-0.073548
-0.144784
-0.107166
-0.255226
-0.132408
-0.126890
-0.131751
-0.105113
-0.152176
-0.241785
-0.204923
-0.129712
