# Shape: (64,)
1.332242
1.908626
1.498210
2.383010
1.506976
1.474847
1.878179
1.371663
1.948363
1.338596
1.901965
1.412619
2.103451
1.865006
1.109840
1.559631
2.814284
1.548478
1.216625
1.727537
1.800972
3.051657
1.431385
1.587111
1.570359
1.473542
1.741181
1.297452
1.343433
1.560731
2.012808
1.877776
2.225221
1.688019
1.476809
2.221216
1.614029
1.303956
1.683164
1.502078
1.427306
1.795382
1.489219
1.824217
2.187212
1.815137
1.548604
1.235910
1.620455
1.192750
1.266698
1.333728
1.284593
1.116605
1.388688
1.750605
1.379700
1.787230
1.381774
1.775162
2.049617
1.670980
1.712625
1.920432
