# Shape: (64,)
-1.507583
-1.384831
-0.168182
-2.015596
0.239089
-2.020433
-1.536044
-0.929146
-0.382247
-0.369786
-0.457022
-2.597554
1.417690
-1.071967
-1.515115
0.670846
-0.076267
-0.659387
-1.104267
-1.851238
0.042518
-1.308203
2.675508
-1.787456
0.137575
-2.014793
-0.384512
-1.043287
-0.391614
-1.642330
0.196039
-1.251078
-0.713437
-0.739947
1.000537
-1.469748
-0.108577
-1.056157
-1.071154
-1.364363
0.817839
-1.711892
0.392885
1.094982
-3.066834
-0.984730
-2.333293
0.710785
-0.085094
-0.620077
-2.153740
-0.482362
-2.511987
-0.719249
-1.185969
-0.996534
-2.221394
0.585636
-1.368179
-0.407926
-2.592828
-0.009595
-2.208849
-2.091232
