# Shape: (64,)
0.951281
0.982411
0.957385
0.924625
1.075786
1.057107
1.076160
0.925864
1.021618
0.930539
0.921995
1.017951
1.029340
1.030720
0.873275
0.925767
1.022866
1.008917
0.999450
1.027690
0.961697
1.040200
0.981284
0.988287
1.016702
1.032219
0.989079
0.927137
0.953220
0.965144
0.991904
1.017073
1.001246
0.994583
0.891743
0.992064
1.025236
0.908573
0.914338
0.963023
0.966194
1.024603
1.026664
0.986566
1.045413
0.994265
1.036579
1.001554
1.015368
0.991916
0.979838
0.869826
1.022287
0.987438
0.966487
0.980007
1.009916
1.018379
0.975323
1.083745
0.972446
1.038690
0.994436
0.852219
