# Shape: (64,)
1.804869
1.283752
2.250095
1.242356
1.433324
1.639863
1.807023
1.399714
1.430631
1.607188
1.380440
1.737115
1.741479
2.366553
1.270032
1.426928
1.572178
1.637761
1.658749
2.261937
1.484610
1.451912
1.546659
1.624018
2.042614
1.221555
2.575525
1.458680
1.410093
2.040339
1.872734
2.954954
1.330605
2.638450
1.517515
1.323737
1.365825
1.562214
1.971820
1.744380
1.263194
1.283991
2.181440
1.497612
1.600693
1.182782
1.549634
1.785114
1.417832
1.866453
1.568252
1.207960
1.414214
1.284990
1.502316
1.251854
1.844264
1.394817
1.924749
2.338337
2.639217
1.812496
1.393477
0.863822
