# Shape: (64,)
-0.104575
-0.118840
-0.148375
-0.183046
-0.124462
-0.067206
-0.239124
-0.126138
-0.170598
-0.163729
-0.118741
-0.020354
-0.059283
-0.039005
-0.132429
-0.051533
-0.106616
-0.106763
-0.221061
-0.196157
-0.243716
-0.181333
-0.121091
0.010667
-0.116339
-0.062247
-0.104728
-0.139578
-0.112920
-0.106709
-0.060359
-0.165094
-0.045119
-0.185429
-0.085586
-0.144826
-0.064764
-0.131958
-0.140711
-0.093856
-0.106668
-0.094271
-0.124124
-0.095942
-0.252115
-0.100691
-0.114669
-0.113346
-0.276262
-0.104396
-0.043265
-0.140430
-0.016919
-0.119556
-0.059729
-0.078240
-0.122709
-0.113284
-0.116220
-0.121094
-0.127153
-0.056856
-0.105500
-0.073834
