# Shape: (64,)
-2.062866
-1.301904
-2.005719
0.362620
-1.462164
-2.325644
-0.192698
0.098439
-1.099024
0.620946
1.025216
-0.794669
-1.299087
-0.913380
-0.257442
-1.026180
2.399508
1.352344
-0.984458
-1.211661
-0.578841
-0.848155
-1.272857
0.976108
0.799939
-0.288670
-3.417835
-0.661781
-0.896931
-3.053841
-1.315369
1.509744
-1.210921
-1.981686
0.302914
-0.088533
-1.682228
1.030968
0.551427
1.293625
-0.960138
-1.266692
-0.459198
1.441045
-0.880477
-0.493732
-0.465194
-1.065953
-0.852731
-1.012943
-1.526398
-0.341611
-1.437402
-0.168196
-1.365975
-1.861049
-0.717727
-0.946966
-0.846863
-1.400039
-0.572238
-1.877069
-0.718636
1.424919
