# Shape: (64,)
-0.001192
-0.001208
0.003008
0.000818
0.003757
0.002615
0.001579
0.002335
0.000995
0.005898
0.001311
-0.006695
0.000015
0.000015
0.001508
-0.001521
-0.002605
-0.000392
0.000437
-0.000298
0.005748
-0.003493
0.000849
0.001039
0.002122
0.000337
-0.000595
0.000360
-0.002028
-0.001018
0.001580
-0.000507
0.001366
-0.000958
-0.001847
0.002501
0.000330
0.000290
0.005698
0.002563
0.001421
-0.000182
-0.004336
-0.000882
-0.002958
0.002348
-0.002042
-0.002520
0.001625
-0.003292
-0.000023
-0.001324
-0.000010
-0.004919
-0.000558
0.000481
-0.001719
-0.001096
0.004610
-0.002877
-0.005053
-0.003173
-0.001425
-0.001825
